neural_net_main.py
*
100,
used:
Hidden
*
0.019
0.096
0.371
0.554
0.626
0.689
0.739
0.768
0.790
0.813
0.827
0.848
0.870
0.881
0.885
0.889
0.891
0.893
0.893
0.901
0.902
0.904
0.906
0.910
0.911
0.914
0.919
0.923
0.925
0.925
0.925
0.926
0.928
0.928
0.929
0.930
0.930
0.931
0.931
0.933
0.933
0.939
0.941
0.942
0.943
0.945
0.945
0.945
0.945
0.945
0.946
0.946
0.949
0.949
0.949
0.949
0.951
0.952
0.954
0.954
0.954
0.955
0.955
0.955
0.955
0.955
0.956
0.956
0.956
0.957
0.957
0.957
0.957
0.957
0.957
0.957
0.957
0.956
0.957
0.957
0.957
0.957
0.957
0.957
0.957
0.957
0.957
0.957
0.957
0.957
0.957
0.957
0.957
0.957
0.957
0.957
0.957
0.957
0.957
0.957
